   9.9998979e-01   0.0000000e+00   1.4818475e-16   9.9550836e-89   1.0208420e-05
   9.9992235e-01   8.4364704e-70   5.9910219e-13   1.3847438e-16   7.7648884e-05
   9.9947682e-01   3.2302748e-67   4.6560485e-12   5.5936460e-13   5.2318463e-04
   9.9653345e-01   4.4568495e-67   3.7406383e-11   4.3158336e-12   3.4665526e-03
   9.7708851e-01   3.2442572e-67   8.1031463e-10   2.9579803e-11   2.2911487e-02
   8.4862863e-01   2.5586007e-93   5.4883020e-08   2.6832055e-10   1.5137131e-01
   4.1794689e-27  5.5683424e-123   4.1863600e-06   1.3481491e-08   9.9999580e-01
   5.9717626e-28  3.3814064e-191   8.1935948e-06   2.7935305e-06   9.9998901e-01
  7.6644939e-177   0.0000000e+00   2.1982258e-32   8.6991440e-06   9.9999130e-01
   6.6940364e-40   0.0000000e+00   7.7154260e-06   1.2651775e-06   9.9999102e-01
   9.8082537e-30   0.0000000e+00   4.0684218e-10   8.0774769e-06   9.9999192e-01
   1.9612435e-54  1.4313740e-120   3.5855636e-05   2.2889631e-06   9.9996186e-01
   3.0176062e-28   5.0149306e-64   4.0155010e-05   1.3579231e-05   9.9994627e-01
   1.7392283e-28  1.6273516e-201   5.4609110e-05   4.5328434e-05   9.9990006e-01
  2.8483350e-177   0.0000000e+00   1.5072582e-30   8.0269709e-05   9.9991973e-01
   3.9173611e-30  1.5605844e-152   5.8325925e-04   6.8659328e-05   9.9934808e-01
   2.4804435e-29  2.9056932e-174   6.6935955e-04   2.4073290e-04   9.9908991e-01
   1.1531787e-39   0.0000000e+00   7.8079712e-04   8.3587112e-05   9.9913562e-01
   4.1228326e-30  2.9558822e-151   7.3139407e-04   2.1206848e-04   9.9905654e-01
   2.4758515e-30  2.6202096e-151   4.4017543e-04   4.6279982e-04   9.9909702e-01
   2.1522845e-30  1.5089304e-189   1.1540925e-04   5.6345496e-04   9.9932114e-01
  2.0043429e-178   0.0000000e+00   7.3014503e-27   2.1728000e-04   9.9978272e-01
   7.6868998e-31  8.1119987e-153   3.8390895e-01   1.0276412e-04   6.1598828e-01
   8.0575008e-31  1.4035981e-177   6.3988424e-01   5.6696508e-05   3.6005906e-01
   3.0457615e-56  2.0458471e-120   8.0336156e-01   6.3495456e-05   1.9657494e-01
   4.4001360e-30  1.7215421e-170   9.2483045e-01   2.2202540e-04   7.4947524e-02
   5.5802921e-31  6.8455861e-152   9.5315924e-01   1.4203837e-04   4.6698725e-02
   1.1394467e-31  1.4245856e-177   9.7125572e-01   1.5064980e-04   2.8593626e-02
   1.2436316e-57  3.5465198e-121   9.8273457e-01   2.5759536e-04   1.7007831e-02
   3.6964528e-32  4.5773731e-151   9.9071949e-01   9.1202354e-04   8.3684847e-03
   1.8467912e-31  2.7169647e-170   9.9439661e-01   2.7464503e-03   2.8569399e-03
   3.6288616e-32  6.4802852e-151   9.9511261e-01   3.2084131e-03   1.6789787e-03
   4.6940192e-32  8.3206368e-164   9.9442246e-01   4.7410948e-03   8.3644308e-04
   5.2415379e-32  1.0260192e-195   9.9431965e-01   5.2370204e-03   4.4332675e-04
   1.6270745e-58  5.7239549e-121   9.9431539e-01   4.3663027e-03   1.3183118e-03
   1.0673612e-33  5.9606983e-152   9.9406852e-01   4.9447935e-03   9.8668942e-04
   2.0642438e-33  3.5013861e-151   9.9313541e-01   6.1878263e-03   6.7676157e-04
   5.9585098e-33  5.7014119e-165   9.8974250e-01   9.8465678e-03   4.1092927e-04
   1.0130115e-33  3.7098933e-151   9.8850562e-01   1.1099945e-02   3.9443881e-04
   6.3270959e-33  9.1273823e-164   9.8615060e-01   1.3590644e-02   2.5875241e-04
   1.0228441e-32  2.4017327e-170   9.8532017e-01   1.4412277e-02   2.6755260e-04
   7.5368461e-34  8.4601102e-152   9.8513337e-01   1.3184439e-02   1.6821943e-03
   1.3263422e-33  8.2204974e-152   9.8529503e-01   1.2888574e-02   1.8163945e-03
   2.3777387e-33  4.6486581e-152   9.8519508e-01   1.3358152e-02   1.4467630e-03
   9.6976934e-34  6.2287150e-152   9.8349578e-01   1.5593068e-02   9.1114791e-04
   2.7631665e-33   0.0000000e+00   9.7972348e-01   1.9823040e-02   4.5348458e-04
   9.3949807e-34  4.4411725e-151   9.7820145e-01   2.1370919e-02   4.2763464e-04
   4.6056811e-33  6.8887218e-179   9.7363358e-01   2.6179926e-02   1.8649546e-04
   6.7413999e-34  2.2421333e-161   9.7245174e-01   2.6815921e-02   7.3234293e-04
   1.6170432e-43   0.0000000e+00   9.6929839e-01   3.0043525e-02   6.5808741e-04
   6.0290093e-33  2.7918555e-179   9.4194954e-01   5.7819259e-02   2.3119793e-04
   4.7468741e-34  2.0503147e-152   9.3471159e-01   6.4915603e-02   3.7280673e-04
   2.5629021e-34  8.4521965e-178   9.2156536e-01   7.8088895e-02   3.4574189e-04
   1.2806998e-59  6.6444738e-121   8.9755390e-01   1.0218851e-01   2.5758274e-04
   1.1549146e-33  3.6349237e-191   7.7560078e-01   2.2426781e-01   1.3141007e-04
   3.6782632e-60  8.8481898e-122   7.2803380e-01   2.7186233e-01   1.0386953e-04
   1.1537071e-34   0.0000000e+00   4.8742119e-01   5.1254152e-01   3.7289766e-05
   8.7101824e-36  7.6115547e-153   3.8793767e-01   6.1203439e-01   2.7944915e-05
   7.2190896e-35  3.5154852e-173   2.0698940e-01   7.9300313e-01   7.4740726e-06
   7.7779450e-37  4.0572493e-154   1.4872806e-01   8.5126247e-01   9.4646804e-06
   4.5883728e-36  5.9859544e-181   4.2771909e-02   9.5722693e-01   1.1590345e-06
   3.6535556e-36  2.0427811e-172   1.4726109e-02   9.8527277e-01   1.1230602e-06
   3.0211300e-36  1.5697019e-180   5.6971211e-03   9.9430103e-01   1.8493299e-06
   5.7461168e-36  2.7823116e-181   3.3086582e-03   9.9668476e-01   6.5768220e-06
   9.6355024e-37  2.7191945e-153   2.6804747e-03   9.9728001e-01   3.9519170e-05
   4.8675623e-35  1.5049880e-181   1.5611194e-03   9.9842759e-01   1.1294872e-05
   2.0754418e-36  2.1561984e-153   1.2588002e-03   9.9872224e-01   1.8963978e-05
   2.1838556e-35  1.0349532e-180   4.0611723e-04   9.9959144e-01   2.4407708e-06
   2.0822702e-35  2.3338409e-172   1.6770532e-04   9.9982967e-01   2.6248331e-06
   5.7914612e-36   0.0000000e+00   9.1240577e-05   9.9990014e-01   8.6149096e-06
   1.2250703e-35   0.0000000e+00   6.4302293e-05   9.9991965e-01   1.6050955e-05
   6.7566369e-35  2.2698794e-180   6.1553487e-05   9.9991599e-01   2.2460558e-05
   1.0797760e-35  1.2903430e-153   7.0261695e-05   9.9978017e-01   1.4956349e-04
   1.2179839e-35  3.1797855e-154   1.6615699e-04   9.9977810e-01   5.5746023e-05
   1.6453255e-35   0.0000000e+00   1.1464053e-04   9.9987415e-01   1.1209238e-05
   3.3651217e-36   0.0000000e+00   5.5149929e-05   9.9994105e-01   3.8044654e-06
   9.0521302e-37   0.0000000e+00   2.3935508e-05   9.9997405e-01   2.0144496e-06
   2.2721293e-36  3.6349961e-181   9.1486858e-06   9.9998982e-01   1.0300304e-06
   1.8148745e-36  1.7229898e-166   4.4672386e-06   9.9999198e-01   3.5503524e-06
   1.2549291e-35  5.6327173e-172   4.9202046e-06   9.9999253e-01   2.5529985e-06
   1.2122391e-35  2.1226907e-173   4.7685976e-06   9.9999002e-01   5.2101434e-06
   3.6205238e-37  5.8809159e-154   7.7048362e-06   9.9997958e-01   1.2715632e-05
   1.0929452e-35  5.5386698e-181   1.4007362e-05   9.9998405e-01   1.9425617e-06
   7.9159397e-36  6.6063587e-181   7.4429681e-06   9.9998991e-01   2.6490951e-06
   3.1280293e-36   0.0000000e+00   6.5374218e-06   9.9997973e-01   1.3729594e-05
   1.6756769e-36  1.0577072e-153   1.5227120e-05   9.9996182e-01   2.2954933e-05
   2.1405643e-35  8.4264118e-167   2.4375514e-05   9.9996778e-01   7.8494380e-06
   2.0662665e-35  1.8516268e-180   1.6719347e-05   9.9998032e-01   2.9641487e-06
   1.6801824e-35  2.8793288e-172   1.2646569e-05   9.9997996e-01   7.3983608e-06
   4.8397795e-36  2.3844835e-152   1.6236250e-05   9.9996747e-01   1.6292992e-05
   2.3051798e-34  2.0644657e-179   1.9764522e-05   9.9997843e-01   1.8035166e-06
   4.0387572e-34  2.9875559e-170   8.2992809e-06   9.9998972e-01   1.9807304e-06
   7.2806464e-34  8.5290396e-170   4.1956339e-06   9.9998399e-01   1.1816405e-05
   1.5179506e-33  2.4110318e-170   3.4427366e-06   9.9985906e-01   1.3749613e-04
   3.8360185e-34  2.1476591e-186   5.1106335e-06   9.9820220e-01   1.7926888e-03
  2.4368100e-180   0.0000000e+00   1.7168599e-31   9.9683966e-01   3.1603362e-03
   2.7506507e-31   0.0000000e+00   1.2714517e-04   9.9659181e-01   3.2810481e-03
   7.5002411e-31  3.0806148e-176   4.0463539e-05   9.9519310e-01   4.7664377e-03
   8.4198097e-31  1.0224470e-175   4.4470120e-06   9.6639102e-01   3.3604529e-02
   6.2581158e-31   0.0000000e+00   2.5136561e-10   4.1105755e-01   5.8894245e-01
   1.2025981e-30  1.1416306e-174   7.4323275e-05   2.5140395e-01   7.4852173e-01
   9.7435043e-56  3.8573764e-118   1.0816740e-04   1.1974049e-01   8.8015134e-01
   5.2501403e-30   0.0000000e+00   5.6791662e-06   8.4801117e-02   9.1519320e-01
   5.3015791e-56  1.2192161e-119   3.5872272e-01   7.8667085e-02   5.6261020e-01
   2.2803908e-30   0.0000000e+00   6.2731334e-01   7.8516529e-02   2.9417013e-01
   3.5791938e-31  1.6155222e-151   7.3446577e-01   7.5700614e-02   1.8983361e-01
   1.6622837e-31  1.5355240e-151   8.0638287e-01   7.5025033e-02   1.1859210e-01
   1.7468356e-31  1.6243111e-151   8.5358088e-01   7.6201167e-02   7.0217955e-02
   1.1021819e-31  1.9342727e-151   8.7929083e-01   8.1804865e-02   3.8904305e-02
   1.6166336e-31   0.0000000e+00   8.8235581e-01   9.8577150e-02   1.9067037e-02
   2.0292303e-32  3.5940975e-152   8.8316534e-01   1.0534455e-01   1.1490109e-02
   1.3233689e-32  3.6662605e-152   8.7550521e-01   1.1819963e-01   6.2951573e-03
   6.4105800e-33  1.7797032e-151   8.4259375e-01   1.5442610e-01   2.9801537e-03
   4.8406372e-32  2.4337665e-170   7.7847032e-01   2.2063268e-01   8.9700105e-04
   1.2994065e-32   0.0000000e+00   7.5759000e-01   2.4186575e-01   5.4425908e-04
   1.6676957e-43   0.0000000e+00   7.4902085e-01   2.5021668e-01   7.6247019e-04
   3.5725207e-33  1.0180694e-178   6.7850225e-01   3.2132730e-01   1.7045141e-04
   2.7964712e-33  5.4636427e-179   6.5979355e-01   3.4007801e-01   1.2844328e-04
   4.3684979e-34  8.7206186e-151   6.5488787e-01   3.4425226e-01   8.5986606e-04
   7.3303605e-33  8.4900827e-179   6.4170077e-01   3.5788669e-01   4.1254887e-04
   1.1440204e-33  2.0376409e-151   6.3824482e-01   3.5987761e-01   1.8775784e-03
   1.9248670e-33  5.4834032e-152   6.2907209e-01   3.6943792e-01   1.4899961e-03
   1.2332162e-33  5.6144533e-152   6.0198086e-01   3.9720577e-01   8.1337026e-04
   1.9183929e-33   0.0000000e+00   5.2509726e-01   4.7459903e-01   3.0371434e-04
   2.6011348e-33  8.0204237e-205   4.9328354e-01   5.0657981e-01   1.3664865e-04
   9.5463976e-60  1.8996556e-120   4.8488182e-01   5.1451453e-01   6.0365506e-04
   3.6759091e-33  5.1910887e-205   4.4251736e-01   5.5727147e-01   2.1116491e-04
   1.0442059e-59  8.7462814e-122   4.3129258e-01   5.6816066e-01   5.4676725e-04
   1.8176934e-34  2.5975082e-152   3.7439855e-01   6.2534357e-01   2.5788263e-04
   1.2550131e-33  2.9397488e-180   2.7043126e-01   7.2949716e-01   7.1587740e-05
   6.0309076e-35  7.7044210e-153   2.4289075e-01   7.5697942e-01   1.2982577e-04
   1.2888686e-34   0.0000000e+00   1.9281620e-01   8.0711482e-01   6.8977438e-05
   5.7870515e-61  8.1359861e-122   1.7212243e-01   8.2781616e-01   6.1412099e-05
   1.8017967e-34  8.1276383e-180   6.7351726e-02   9.3263854e-01   9.7348531e-06
   1.5846387e-34  9.6448996e-180   3.9598200e-02   9.6039094e-01   1.0864121e-05
   5.6806894e-35  1.3769276e-151   3.2256585e-02   9.6765257e-01   9.0845009e-05
   1.2108665e-33   0.0000000e+00   1.1913169e-02   9.8797926e-01   1.0756970e-04
   1.6181209e-33   0.0000000e+00   3.4855957e-03   9.9618647e-01   3.2793208e-04
   2.3571831e-35   0.0000000e+00   1.2041307e-06   9.9830032e-01   1.6984711e-03
   1.0661871e-35   8.3375861e-87   1.6902232e-03   9.9829819e-01   1.1582174e-05
   1.1753328e-34   9.9537087e-01   2.2780800e-05   4.6048400e-03   1.5130472e-06
   1.0866442e-34   9.9997707e-01   1.5106082e-06   2.1246965e-05   1.7195892e-07
   8.9648582e-35   9.9999972e-01   1.6370115e-07   9.8622321e-08   1.9440691e-08
   7.3955530e-35   9.9999998e-01   1.8454726e-08   5.2330045e-10   2.1973827e-09
   6.2055757e-35   1.0000000e+00   2.0855807e-09   1.0130798e-11   2.4836816e-10
   5.3147620e-35   1.0000000e+00   2.3572876e-10   9.1886532e-13   2.8072816e-11
   4.6492994e-35   1.0000000e+00   2.6644179e-11   1.0281418e-13   3.1730435e-12
   4.1523553e-35   1.0000000e+00   3.0115659e-12   1.1616165e-14   3.5864608e-13
   3.7812774e-35   1.0000000e+00   3.4039441e-13   1.3129417e-15   4.0537423e-14
   3.5041890e-35   1.0000000e+00   3.8474455e-14   1.4840044e-16   4.5819062e-15
   3.2972842e-35   1.0000000e+00   4.3487309e-15   1.6773560e-17   5.1788847e-16
   3.1427863e-35   1.0000000e+00   4.9153289e-16   1.8958994e-18   5.8536439e-17
   3.0274212e-35   1.0000000e+00   5.5557493e-17   2.1429170e-19   6.6163177e-18
   2.9412768e-35   1.0000000e+00   6.2796103e-18   2.4221186e-20   7.4783606e-19
   2.8769520e-35   1.0000000e+00   7.0977834e-19   2.7376975e-21   8.4527195e-20
   2.8289199e-35   1.0000000e+00   8.0225567e-20   3.0943933e-22   9.5540280e-21
   2.7930539e-35   1.0000000e+00   9.0678191e-21   3.4975631e-23   1.0798827e-21
   2.7662724e-35   1.0000000e+00   1.0249269e-21   3.9532621e-24   1.2205810e-22
   2.7462744e-35   1.0000000e+00   1.1584651e-22   4.4683344e-25   1.3796111e-23
   2.7313417e-35   1.0000000e+00   1.3094020e-23   5.0505156e-26   1.5593612e-24
   2.7201913e-35   1.0000000e+00   1.4800046e-24   5.7085495e-27   1.7625311e-25
   2.7118651e-35   1.0000000e+00   1.6728350e-25   6.4523189e-28   1.9921720e-26
   2.7056479e-35   1.0000000e+00   1.8907894e-26   7.2929944e-29   2.2517330e-27
   2.7010055e-35   1.0000000e+00   2.1371412e-27   8.2432018e-30   2.5451122e-28
   2.6975389e-35   1.0000000e+00   2.4155903e-28   9.3172122e-31   2.8767160e-29
   2.6949504e-35   1.0000000e+00   2.7303186e-29   1.0531156e-31   3.2515246e-30
   2.6930175e-35   1.0000000e+00   3.0860530e-30   1.1903265e-32   3.6751674e-31
   2.6915742e-35   1.0000000e+00   3.4881364e-31   1.3454146e-33   4.1540080e-32
   2.6904965e-35   1.0000000e+00   3.9426085e-32   1.5207094e-34   4.6952463e-33
   2.6896917e-35   1.0000000e+00   4.4563024e-33   1.7188438e-35   5.3070723e-34
   2.6890908e-35   1.0000000e+00   5.0369880e-34   1.9427968e-36   5.9991328e-35
   2.6886421e-35   1.0000000e+00   5.6937974e-35   2.1959549e-37   6.7852408e-36
   2.6883071e-35   1.0000000e+00   6.4396623e-36   2.4822933e-38   7.7027332e-37
   2.6880569e-35   1.0000000e+00   7.3086879e-37   2.8074028e-39   8.9560287e-38
   2.6878701e-35   1.0000000e+00   8.4849472e-38   3.1858035e-40   1.1987471e-38
   2.6877306e-35   1.0000000e+00   1.1263139e-38   3.6951401e-41   2.7472166e-39
   2.6876264e-35   1.0000000e+00   2.5220723e-39   4.8804071e-42   1.3501480e-39
   2.6875486e-35   1.0000000e+00   1.2177162e-39   1.0771815e-42   9.2891030e-40
   2.6874905e-35   1.0000000e+00   8.3405564e-40   5.1418909e-43   6.8466820e-40
   2.6874472e-35   1.0000000e+00   6.1429516e-40   3.5115447e-43   5.1023613e-40
   2.6874148e-35   1.0000000e+00   4.5773940e-40   2.5850374e-43   3.8088405e-40
   2.6873906e-35   1.0000000e+00   3.4169004e-40   1.9260839e-43   2.8439706e-40
   2.6873725e-35   1.0000000e+00   2.5513115e-40   1.4377529e-43   2.1236071e-40
   2.6873591e-35   1.0000000e+00   1.9050763e-40   1.0735312e-43   1.5857174e-40
   2.6873490e-35   1.0000000e+00   1.4225383e-40   8.0161058e-44   1.1840711e-40
   2.6873415e-35   1.0000000e+00   1.0622236e-40   5.9857009e-44   8.8415793e-41
   2.6873359e-35   1.0000000e+00   7.9317317e-41   4.4695829e-44   6.6020981e-41
   2.6873317e-35   1.0000000e+00   5.9227047e-41   3.3374829e-44   4.9298599e-41
   2.6873285e-35   1.0000000e+00   4.4225438e-41   2.4921324e-44   3.6812170e-41
   2.6873262e-35   1.0000000e+00   3.3023584e-41   1.8609006e-44   2.7490696e-41
   2.6873244e-35   1.0000000e+00   2.4659046e-41   1.3895534e-44   2.0545247e-41
   2.6873231e-35   1.0000000e+00   1.8413160e-41   1.0375937e-44   1.5458048e-41
   2.6873221e-35   1.0000000e+00   1.3749294e-41   7.7478185e-45   1.2313662e-41
   2.6873209e-35   1.0000000e+00   1.0266738e-41   5.7853813e-45   1.4288106e-41
   2.6873171e-35   1.0000000e+00   7.6662779e-42   4.3200460e-45   4.4317693e-41
   2.6872954e-35   1.0000000e+00   5.7244947e-42   3.2261059e-45   2.5538721e-40
   2.6871546e-35   1.0000000e+00   4.2750600e-42   2.4108572e-45   1.6592552e-39
   2.6862262e-35   1.0000000e+00   3.2433319e-42   1.8154936e-45   1.0940448e-38
   2.6800968e-35   1.0000000e+00   7.5227340e-42   1.9091083e-45   7.2227365e-38
   2.6398876e-35   1.0000000e+00   5.1260564e-40   7.8444313e-44   4.7381152e-37
