   9.9999981e-01   0.0000000e+00   4.4137134e-18   1.8763992e-90   1.9049728e-07
   9.9999855e-01   1.3774376e-70   7.3551196e-14   3.2215807e-18   1.4489897e-06
   9.9999024e-01   0.0000000e+00   6.2578993e-18   7.3551885e-14   9.7630406e-06
   9.9998666e-01   5.0012244e-68   6.9819185e-13   3.0079597e-15   1.3337567e-05
   9.9996305e-01   9.7428927e-66   3.4876696e-12   5.3886911e-13   3.6952160e-05
   9.9980704e-01   9.5464781e-66   1.0599885e-10   9.5419905e-13   1.9295807e-04
   9.9877645e-01   7.4837238e-66   7.3414748e-09   1.3096745e-11   1.2235436e-03
   9.9197115e-01   4.2996173e-66   5.7605072e-07   1.3913483e-09   8.0282700e-03
   9.4721467e-01  1.1257455e-170   3.6446145e-05   2.1380899e-07   5.2748669e-02
   7.8061861e-01   0.0000000e+00   7.6361927e-05   6.3668049e-06   2.1929866e-01
   6.9585888e-01   2.1892284e-65   1.4852864e-04   4.2498846e-06   3.0398834e-01
   1.3868084e-01  6.0659861e-151   1.6497584e-03   1.0202636e-05   8.5965920e-01
   4.6741517e-02   0.0000000e+00   3.8735634e-03   2.0206306e-04   9.4918286e-01
   1.9738582e-28  1.1089511e-145   4.7572600e-03   2.8120406e-04   9.9496154e-01
   2.7021871e-54  2.7896165e-119   4.6122835e-03   1.0564977e-03   9.9433122e-01
   4.3230630e-29   0.0000000e+00   1.1101040e-05   5.6185803e-03   9.9437032e-01
   1.1873910e-28   0.0000000e+00   2.2667237e-01   5.5693591e-03   7.6775827e-01
   2.5519825e-28  2.2719848e-176   3.1614670e-01   5.9762412e-03   6.7787706e-01
   2.7221551e-28   8.7364712e-64   3.3382649e-01   4.1796821e-04   6.6575555e-01
   2.7084607e-29  9.3646989e-150   6.0637202e-01   2.9683240e-04   3.9333115e-01
   4.3190937e-30  3.6764549e-151   7.8040662e-01   3.2941202e-04   2.1926396e-01
   9.6374014e-30  3.9972579e-180   8.9631088e-01   4.7807765e-04   1.0321104e-01
   1.5708239e-40   0.0000000e+00   9.2336607e-01   1.2189642e-04   7.6512033e-02
   6.2898664e-32  1.9970703e-152   9.5105774e-01   1.7691690e-04   4.8765338e-02
   4.7047473e-32  6.9176287e-152   9.6945375e-01   2.7749108e-04   3.0268755e-02
   1.0579182e-31  7.5748431e-151   9.8159768e-01   4.6643998e-04   1.7935884e-02
   4.2145570e-31  7.8123114e-204   9.8891009e-01   1.0406278e-03   1.0049283e-02
   2.6070193e-57  2.8974149e-120   9.9041227e-01   3.9374915e-04   9.1939856e-03
   2.9112807e-32  2.8650953e-151   9.9152416e-01   3.4795708e-04   8.1278871e-03
   1.5391871e-32  2.0339696e-176   9.9212933e-01   4.0349619e-04   7.4671695e-03
   1.3690270e-57  3.0361721e-119   9.9254142e-01   2.9543266e-04   7.1631443e-03
   1.5231064e-31  7.9475401e-149   9.9254587e-01   5.9634483e-04   6.8577850e-03
   9.1518517e-31   3.9923588e-63   9.9210704e-01   1.0812135e-03   6.8117430e-03
   5.7615390e-31  4.3592890e-177   9.9537068e-01   2.2124549e-03   2.4168691e-03
   3.1314080e-32  1.3222570e-177   9.9597001e-01   2.2264299e-03   1.8035631e-03
   1.4074119e-58  1.4471808e-121   9.9618748e-01   2.5326290e-03   1.2798864e-03
   7.3995249e-34  2.2066751e-152   9.9447412e-01   4.7847905e-03   7.4108938e-04
   1.0109001e-33  2.2410155e-151   9.9073437e-01   8.8942628e-03   3.7136336e-04
   4.0140266e-33  1.4140759e-178   9.7955328e-01   2.0329307e-02   1.1740975e-04
   1.5710204e-33   0.0000000e+00   9.7660127e-01   2.3183229e-02   2.1550164e-04
   2.6918071e-34  1.0669960e-161   9.7546892e-01   2.3686943e-02   8.4413417e-04
   1.4031938e-43   0.0000000e+00   9.7360069e-01   2.5438391e-02   9.6091445e-04
   8.8376648e-34  1.9256759e-151   9.5674092e-01   4.2766495e-02   4.9258040e-04
   7.8972186e-33  1.0977308e-170   9.2551075e-01   7.4321641e-02   1.6761365e-04
   8.4877202e-34  1.4847877e-151   9.1544604e-01   8.4336386e-02   2.1757284e-04
   1.1093664e-33   0.0000000e+00   8.8746318e-01   1.1241885e-01   1.1796923e-04
   1.9168800e-33  1.3209911e-188   8.7592196e-01   1.2393005e-01   1.4798832e-04
   4.8893881e-44   0.0000000e+00   8.7293218e-01   1.2547144e-01   1.5963754e-03
   8.2878790e-34  1.0953386e-152   8.4920494e-01   1.4983068e-01   9.6437842e-04
   6.1092985e-34  8.9520627e-152   8.0521620e-01   1.9429018e-01   4.9361520e-04
   4.1443311e-33  1.7319669e-179   7.2457813e-01   2.7525490e-01   1.6697265e-04
   2.8944744e-34  1.3178372e-152   7.0322862e-01   2.9643978e-01   3.3160741e-04
   1.8127551e-34  1.0437292e-152   6.6444126e-01   3.3527313e-01   2.8560471e-04
   1.9776222e-34  6.7884446e-152   5.9376665e-01   4.0605207e-01   1.8128143e-04
   1.3946257e-33  1.5712971e-164   4.6504768e-01   5.3486011e-01   9.2213225e-05
   1.9509673e-33  7.7348475e-171   4.1483120e-01   5.8510880e-01   5.9992647e-05
   2.6981684e-34  3.2599159e-151   3.9868085e-01   6.0108077e-01   2.3838628e-04
   2.6339066e-33  2.4280360e-178   3.5400459e-01   6.4590648e-01   8.8930584e-05
   2.7040776e-33  1.2781766e-163   3.4218506e-01   6.5751535e-01   2.9959175e-04
   9.8939024e-33  6.7130291e-169   3.3777670e-01   6.6182198e-01   4.0131846e-04
   1.4935820e-32  5.8461576e-169   3.3655809e-01   6.6188726e-01   1.5546506e-03
   1.0096240e-32   0.0000000e+00   3.3683069e-01   6.5246223e-01   1.0707077e-02
   9.5589135e-33  3.2805737e-150   3.4057462e-01   6.1461629e-01   4.4809090e-02
   6.6421644e-32  1.5642220e-150   3.5754076e-01   5.9567747e-01   4.6781774e-02
   3.6398875e-32  4.1000928e-151   3.7532481e-01   5.9009288e-01   3.4582309e-02
   3.9056865e-32  1.6096626e-176   3.8884320e-01   5.8888957e-01   2.2267230e-02
   1.1685441e-57  6.6919092e-120   3.9481191e-01   5.9323132e-01   1.1956770e-02
   1.7507541e-31  2.0995140e-170   3.7615616e-01   6.2014478e-01   3.6990645e-03
   3.5196748e-32  1.0872300e-150   3.6921115e-01   6.2856087e-01   2.2279813e-03
   6.4227203e-32  8.7014927e-171   3.4593516e-01   6.5319601e-01   8.6882474e-04
   3.6898758e-33  7.2969572e-152   3.3831968e-01   6.6044901e-01   1.2313098e-03
   2.2468139e-33  2.6165520e-151   3.2437161e-01   6.7465662e-01   9.7176874e-04
   6.3255646e-33  9.0101389e-166   2.8452294e-01   7.1489946e-01   5.7760178e-04
   4.1888512e-34  6.9365021e-153   2.6905685e-01   7.3043562e-01   5.0753249e-04
   2.3238484e-34  6.2117485e-153   2.4068232e-01   7.5905851e-01   2.5916612e-04
   1.5750450e-34   0.0000000e+00   1.6124301e-01   8.3867415e-01   8.2839731e-05
   7.5159166e-36  1.2893519e-153   1.2835661e-01   8.7161703e-01   2.6358339e-05
   1.8534825e-35  9.9750597e-181   3.6997994e-02   9.6299965e-01   2.3576884e-06
   1.6586470e-35  6.2635940e-172   1.2801746e-02   9.8719699e-01   1.2664776e-06
   1.6368946e-35  1.1312302e-171   5.0111920e-03   9.9498686e-01   1.9458753e-06
   2.0928022e-35  5.3880527e-172   2.5037978e-03   9.9749133e-01   4.8720648e-06
   8.6542465e-36   0.0000000e+00   1.6988958e-03   9.9828047e-01   2.0635606e-05
   4.3304197e-36  7.0721188e-153   1.3783610e-03   9.9857926e-01   4.2382023e-05
   1.4310560e-34  3.7567130e-173   7.9798732e-04   9.9918903e-01   1.2982722e-05
   2.9498728e-36  1.1322696e-153   6.0114569e-04   9.9938080e-01   1.8054339e-05
   2.3678081e-35  9.8959552e-181   2.3415369e-04   9.9976239e-01   3.4569093e-06
   1.5367015e-35  2.1142623e-181   1.2821429e-04   9.9986644e-01   5.3461546e-06
   1.0301419e-36  1.0718240e-153   1.0262063e-04   9.9987034e-01   2.7036128e-05
   1.9419260e-35   0.0000000e+00   6.8265872e-05   9.9992150e-01   1.0238795e-05
   1.2483074e-35   0.0000000e+00   4.2558116e-05   9.9994820e-01   9.2463022e-06
   1.5888757e-35   0.0000000e+00   3.2473654e-05   9.9995423e-01   1.3297457e-05
   9.2103935e-35  4.5705322e-179   3.4317339e-05   9.9995001e-01   1.5670025e-05
   2.2206680e-34  6.5820043e-197   4.2140023e-05   9.9988192e-01   7.5941455e-05
   9.1506411e-61  4.3889855e-122   8.3553394e-05   9.9946904e-01   4.4740924e-04
   9.6637659e-35  9.4380117e-153   4.2060444e-04   9.9946104e-01   1.1835688e-04
   4.7445958e-34  6.7143871e-172   2.6199507e-04   9.9972297e-01   1.5031858e-05
   3.2304595e-34  2.5676271e-172   1.3311599e-04   9.9986098e-01   5.9012991e-06
   3.9109758e-35   0.0000000e+00   8.7124700e-05   9.9989860e-01   1.4271541e-05
   1.4810757e-36  3.1708921e-154   7.6245659e-05   9.9990264e-01   2.1110371e-05
   6.5269070e-36   0.0000000e+00   4.8090644e-05   9.9994699e-01   4.9201247e-06
   1.2746603e-35  2.5976867e-172   2.1660961e-05   9.9997658e-01   1.7614013e-06
   8.8172752e-36  2.9042983e-180   1.0711541e-05   9.9998678e-01   2.5061976e-06
   1.3703545e-35  1.0611944e-172   8.8753653e-06   9.9998201e-01   9.1189687e-06
   1.4602326e-36  7.7672091e-154   1.4353905e-05   9.9995792e-01   2.7728298e-05
   7.4726272e-36   0.0000000e+00   2.9565892e-05   9.9996471e-01   5.7246218e-06
   1.1593828e-35  3.7870559e-173   1.5573526e-05   9.9998262e-01   1.8027767e-06
   1.4829742e-36   0.0000000e+00   7.8935970e-06   9.9998922e-01   2.8894233e-06
   1.0230619e-36   0.0000000e+00   5.6326192e-06   9.9999148e-01   2.8919955e-06
   1.6743606e-36   0.0000000e+00   4.6588745e-06   9.9999268e-01   2.6595996e-06
   7.1050007e-36  1.7897712e-166   3.7909788e-06   9.9999302e-01   3.1880162e-06
   1.6018762e-35   0.0000000e+00   3.1616429e-06   9.9999121e-01   5.6250706e-06
   4.3162247e-36   0.0000000e+00   1.6270909e-10   9.9996715e-01   3.2854383e-05
   8.6883546e-36  8.1861018e-182   3.0921515e-05   9.9996668e-01   2.3935189e-06
   3.3402636e-36  2.8331384e-181   1.1324879e-05   9.9998783e-01   8.4465912e-07
   2.1883545e-36  1.1662657e-180   4.8999934e-06   9.9999356e-01   1.5407382e-06
   4.5986995e-36  4.7169314e-180   3.9485646e-06   9.9999127e-01   4.7842315e-06
   1.6740573e-35  4.8454601e-206   6.8170002e-06   9.9997326e-01   1.9920034e-05
   1.7005914e-61  9.1626380e-122   1.9384031e-05   9.9984900e-01   1.3161494e-04
   1.9708169e-34  2.5872653e-181   1.2094006e-04   9.9985150e-01   2.7561443e-05
   9.5450667e-36  3.4556161e-153   1.2008432e-04   9.9985216e-01   2.7752416e-05
   4.1333577e-35  4.1551821e-181   6.7504564e-05   9.9992770e-01   4.7965820e-06
   9.5795929e-36   0.0000000e+00   3.9214642e-05   9.9995287e-01   7.9127874e-06
   2.4035414e-35  1.1202323e-180   3.1042254e-05   9.9995956e-01   9.3947993e-06
   5.4169487e-36  1.1069870e-152   3.2746101e-05   9.9991863e-01   4.8621622e-05
   1.0450335e-34  3.6623997e-166   5.0840112e-05   9.9992817e-01   2.0989313e-05
   1.1110243e-34  4.0745430e-180   4.6879024e-05   9.9994260e-01   1.0519358e-05
   4.2527973e-35   0.0000000e+00   4.5355930e-05   9.9991141e-01   4.3231807e-05
   3.0786441e-34  1.5387391e-178   7.4761594e-05   9.9986225e-01   6.2987697e-05
   7.1030160e-34  7.7418313e-179   1.1511037e-04   9.9952810e-01   3.5678523e-04
   2.8111522e-34  1.6154625e-151   2.5746341e-04   9.9565359e-01   4.0889514e-03
   2.9134594e-33  3.8348168e-151   2.0569228e-03   9.9387003e-01   4.0730442e-03
   1.5582911e-32   0.0000000e+00   4.0929252e-03   9.9320333e-01   2.7037494e-03
   5.1229123e-33  3.7034447e-151   5.1713843e-03   9.9069769e-01   4.1309262e-03
   5.7284436e-33  1.2706160e-151   6.8330353e-03   9.9004456e-01   3.1224079e-03
   4.8808212e-33  4.8616060e-152   7.6824695e-03   9.9037889e-01   1.9386373e-03
   3.8701132e-33  7.1919643e-152   6.4797884e-03   9.9227530e-01   1.2449165e-03
   1.9464871e-32   0.0000000e+00   2.5931218e-03   9.9630897e-01   1.0979061e-03
   1.9020834e-32   0.0000000e+00   7.8250647e-04   9.9780098e-01   1.4165116e-03
  3.8256137e-183   0.0000000e+00   6.1080347e-29   9.9649469e-01   3.5053080e-03
   1.9986963e-35   8.3225006e-87   3.4859189e-03   9.9649251e-01   2.1572476e-05
   2.1901352e-34   9.9535516e-01   4.4930155e-05   4.5972631e-03   2.6418725e-06
   2.0070462e-34   9.9997580e-01   2.6757499e-06   2.1221283e-05   2.9954740e-07
   1.6538594e-34   9.9999958e-01   2.8549055e-07   9.8991112e-08   3.3861889e-08
   1.3641105e-34   9.9999996e-01   3.2147159e-08   5.7593085e-10   3.8273970e-09
   1.1445888e-34   1.0000000e+00   3.6326808e-09   1.6099391e-11   4.3260711e-10
   9.8027852e-35   1.0000000e+00   4.1059199e-10   1.5933543e-12   4.8897169e-11
   8.5753709e-35   1.0000000e+00   4.6408773e-11   1.7904873e-13   5.5268002e-12
   7.6587848e-35   1.0000000e+00   5.2455389e-12   2.0232860e-14   6.2468894e-13
   6.9743524e-35   1.0000000e+00   5.9289824e-13   2.2868783e-15   7.0607994e-14
   6.4632786e-35   1.0000000e+00   6.7014721e-14   2.5848356e-16   7.9807540e-15
   6.0816544e-35   1.0000000e+00   7.5746098e-15   2.9216149e-17   9.0205700e-16
   5.7966917e-35   1.0000000e+00   8.5615090e-16   3.3022734e-18   1.0195864e-16
   5.5839072e-35   1.0000000e+00   9.6769918e-17   3.7325281e-19   1.1524288e-17
   5.4250188e-35   1.0000000e+00   1.0937811e-17   4.2188408e-20   1.3025792e-18
   5.3063753e-35   1.0000000e+00   1.2362903e-18   4.7685154e-21   1.4722928e-19
   5.2177829e-35   1.0000000e+00   1.3973672e-19   5.3898073e-22   1.6641185e-20
   5.1516301e-35   1.0000000e+00   1.5794307e-20   6.0920477e-23   1.8809372e-21
   5.1022331e-35   1.0000000e+00   1.7852155e-21   6.8857833e-24   2.1260054e-22
   5.0653479e-35   1.0000000e+00   2.0178120e-22   7.7829350e-25   2.4030035e-23
   5.0378053e-35   1.0000000e+00   2.2807136e-23   8.7969770e-26   2.7160919e-24
   5.0172390e-35   1.0000000e+00   2.5778687e-24   9.9431389e-27   3.0699727e-25
   5.0018819e-35   1.0000000e+00   2.9137404e-25   1.1238635e-27   3.4699608e-26
   4.9904147e-35   1.0000000e+00   3.2933729e-26   1.2702922e-28   3.9220635e-27
   4.9818519e-35   1.0000000e+00   3.7224679e-27   1.4357991e-29   4.4330709e-28
   4.9754580e-35   1.0000000e+00   4.2074698e-28   1.6228700e-30   5.0106576e-29
   4.9706837e-35   1.0000000e+00   4.7556629e-29   1.8343144e-31   5.6634984e-30
   4.9671186e-35   1.0000000e+00   5.3752804e-30   2.0733080e-32   6.4013985e-31
   4.9644565e-35   1.0000000e+00   6.0756283e-31   2.3434403e-33   7.2354421e-32
   4.9624687e-35   1.0000000e+00   6.8672270e-32   2.6487682e-34   8.1781709e-33
   4.9609844e-35   1.0000000e+00   7.7619788e-33   2.9938784e-35   9.2438565e-34
   4.9598760e-35   1.0000000e+00   8.7734233e-34   3.3839596e-36   1.0449349e-34
   4.9590484e-35   1.0000000e+00   9.9175088e-35   3.8249131e-37   1.1819059e-35
   4.9584304e-35   1.0000000e+00   1.1217075e-35   4.3236803e-38   1.3420648e-36
   4.9579690e-35   1.0000000e+00   1.2733885e-36   4.8901325e-39   1.5629794e-37
   4.9576244e-35   1.0000000e+00   1.4806157e-37   5.5505523e-40   2.1105278e-38
   4.9573671e-35   1.0000000e+00   1.9820430e-38   6.4475876e-41   4.9534989e-39
   4.9571750e-35   1.0000000e+00   4.5440133e-39   8.5858131e-42   2.4774331e-39
   4.9570315e-35   1.0000000e+00   2.2338235e-39   1.9398004e-42   1.7118714e-39
   4.9569244e-35   1.0000000e+00   1.5369912e-39   9.4308035e-43   1.2626678e-39
   4.9568444e-35   1.0000000e+00   1.1328770e-39   6.4708413e-43   9.4108316e-40
   4.9567847e-35   1.0000000e+00   8.4425685e-40   4.7672768e-43   7.0251701e-40
   4.9567401e-35   1.0000000e+00   6.3022597e-40   3.5524762e-43   5.2455407e-40
   4.9567067e-35   1.0000000e+00   4.7057475e-40   2.6518452e-43   3.9168731e-40
   4.9566819e-35   1.0000000e+00   3.5138054e-40   1.9800666e-43   2.9247661e-40
   4.9566633e-35   1.0000000e+00   2.6237915e-40   1.4785253e-43   2.1839522e-40
   4.9566494e-35   1.0000000e+00   1.9592115e-40   1.1040287e-43   1.6307793e-40
   4.9566391e-35   1.0000000e+00   1.4629631e-40   8.2438930e-44   1.2177197e-40
   4.9566314e-35   1.0000000e+00   1.0924094e-40   6.1557986e-44   9.0928479e-41
   4.9566256e-35   1.0000000e+00   8.1571321e-41   4.5965974e-44   6.7897967e-41
   4.9566213e-35   1.0000000e+00   6.0910135e-41   3.4323260e-44   5.0705034e-41
   4.9566181e-35   1.0000000e+00   4.5482217e-41   2.5629527e-44   3.7894547e-41
   4.9566156e-35   1.0000000e+00   3.3962034e-41   1.9137829e-44   2.8511495e-41
   4.9566137e-35   1.0000000e+00   2.5359796e-41   1.4290413e-44   2.2711853e-41
   4.9566115e-35   1.0000000e+00   1.8936418e-41   1.0670809e-44   2.6353605e-41
   4.9566045e-35   1.0000000e+00   1.4140016e-41   7.9680807e-45   8.1741480e-41
   4.9565645e-35   1.0000000e+00   1.0558507e-41   5.9503700e-45   4.7104728e-40
   4.9563048e-35   1.0000000e+00   7.8851065e-42   4.4466899e-45   3.0604025e-39
   4.9545924e-35   1.0000000e+00   5.9821423e-42   3.3485753e-45   2.0179037e-38
   4.9432870e-35   1.0000000e+00   1.3875258e-41   3.5212424e-45   1.3321929e-37
   4.8691234e-35   1.0000000e+00   9.4547213e-40   1.4468610e-43   8.7391856e-37
